1,445,V14V15_GEN5_IRL,6783001S7E,20260723,125458,P,0,1,,PPPPPPPPPPNN,1,P,1,20260723,125453,0,,,0,0

