1,11,V14V15_GEN5_IRL,6783001S2D,20260723,071642,P,0,1,,PPPPPPPPPPNN,1,P,1,20260723,071637,0,,,0,0

